11111111111111111111111111111111111111111111111111111111111111111111111111111111111111111111111111111111111111111111111
10000000000000000000000000000000000000000000000000000000000000000000000000000000000000000000000000000111111111111111111
10011111111011111100111111011111101111111011111101111110111111101111110111111101111110111111001111110111111111111111111
10011111111011111100111111011111101111111011111101111110111111101111110111111101111110111111001111110111111111111111111
10011111111011111100111111011111101111111011111101111110111111101111110111111101111110111111001111110111111111111111111
10011111111011111100111111011111101111111011111101111110111111101111110111111101111110111111001111110111111111111111111
10011111111011111100111111011111101111111011111101111110111111101111110111111101111110111111001111110111111111111111111
10000000000000000000000000000000000000000000000000000000000000000000000000000000000000000000000000000011111111111111111
10011110111011111111111111111111111111111111111111111111111111111111111111111111111111111111111111111011111111111111111
10011110111011111111111111111111111111111111111111111111111111111111111111111111111111111111111111111011111111111111111
10011110111011111111111111111111111111111111111111111111111111111111111111111111111111111111111111111011111111111111111
10011110111000000000000000000000000000000000000000000000000000000000000011000000000011110000000000000011111111111111111
10011110111010001011110111111110111111011111111111111011111110111111111011011111111011110111111111111111111111111111111
10011110111010001011110111111110111111011111111111111011111110111111111011011111111011110111111111111111111111111111111
10011110111011011011110111111110111111011111111111111011111110111111111011011111111011110111111111111111111111111111111
10000000111010001011110111111110111111011111111111111011111110111111111011011111111011110111111111111111111111111111111
10011110111010001011110111111110111111011111111111111011111110111111111011011111111011110111111111111111111111111111111
10011110111010001011110000000000000000011111111111111011111110111111111011011111111011110111111111111111111111111111111
10011110111010001011110111111110111111011111111111111011111110111111111011011111111011110111111111111111111111111111111
10011110111010001011110111111110111111011111111111111011111110111111111011011111111011110111111111111111111111111111111
10011110111010001011110111111110111111111111111111111011111110111111111011011111111011110000000000000000001111111111111
10011110111010001011110111111110111111111111111111111011111110000000000011011111111011110111111111011111101111111111111
10000000111000000000000000000000000000011000000000011000000000111111111111011000000011110100000000011111101111111111111
10011110111111111111111111111111111111111111111111111111111111111111111111111111111111110100000000011111101111111111111
10011110111111111111111111111111111111111111111111111111111111111111111111111111111111110100000000011111101111111111111
10011110111111111111111111111111111111111111111111111111111111111111111111111111111111110100000010011111101111111111111
10011110111000000000000000000000000000000000000000000000000111000000000000000111111000000000000000011111101111111111111
10011110111011111111101111111110111111110011111011111111110111110111111011110000011011111111111111111111101111111111111
10011110111011111111101111111110111111110011111011111111110111110111111011110111111011111111111111111111101111111111111
10000000111011111111101111111110111111110011111011111111110111110111111011110111111011111111111111111111101111111111111
10011110111011111111101111111110111111110011111011111111110111110111111011110111111011111111111111111111101111111111111
10011110111011111111101111111110111111110011111011111111110111110111111000000111111011111111111111111111101111111111111
10011110111011111111101111111110111111110011111011111111110111110111111011110111111000000000001111111111101111111111111
10011110111011111111101111111110111111110011111011111111110111110111111011110111111011111111100111111111101111111111111
10011110111011111111101111111110111111110011111000000000000111110111111011110111111011111111110111111111101111111111111
10011110111011111111101111111110111111110011111011111111110111110111111011110111111011111111110111111111101111111111111
10011110111011111111101111111110111111110011111011111111110111110111111011110111111011111111110000000000001111111111111
10000000111011111111101111111110111111110011111011111111110111110000000000000111111011111111111011111111111111111111111
10011110111011111111101111111110111111110011111011111111110111110111111111110111111011111111111001111111111111111111111
10011110111011111111101111111110111111110011111011111111110111110111111111110111111011111111111101111111111111111111111
10011110111011111111101111111110111111110011111011111111110111110111111111110111111011111111111100111111111111111111111
10011110111011111111101111111110111111110011111011111111110111110111111111110111111011111111111110111111111111111111111
10011110111011111111101111111110111111110011111011111111110111110111111111110111111011111111111110111111111111111111111
10011110111011111111101111111110111111110011111011111111110111110111111111110111111011111111111110011111111111111111111
10000000111000000000000000000000000000000000000000000000000000000000000000000111111000000000000000000000000000000111111
10011110111000000000000000000000000000000000000000000000000000000000000000000111111111111111111111111111101111111111111
10011110111011111111111001111111111101111111111111111111111111111111100111110111111111111111111111111111101111111111111
10011110111011111111111001111111111101111111111111111111111111111111100111110111111000000000000000011111000000000111111
10011110111011111111111001111111111101111111111111111111111111111111100111110111111001111111111111011111011111111111111
10011110111011111111111001111111111101111111111111111111111111111111100111110111111001111111111111011111011111111111111
10011110111011111111111001111111111101111111111111111111111111111111100111110111111001111111111111011111011111111111111
10011110111011111111111001111111111101111111111111111111111111111111100111110111111001111111111111011111011111111111111
10000000111011111111111001111111111101111111111111111111111111111111100111110111111001111111111111011111011111111111111
10011110111011111111111001111111111101111111111111111111111111111111100111110111111001111111111111011111011111111111111
10011110111011111111111001111111111101111111111111111111111111111111100111110111111001111111111111011111011111111111111
10011110111011111100000000000011111101111111111111111111111111111111100111110111111001111111111111011111011111111111111
10011110111011111101111001111011111101111111111111111111111111111111100111110111111001111111111111011111011111111111111
10011110111011111101111001111011111101111111111111111111111100000000000111110111111001111111111111011111011111111111111
10011110111011111101111001111011111101111111111111111111111100111111100111110111111001111111111111011111011111111111111
10000000111011111101111001111011111101111111111111111111111100111111100111110111111001111111111111011111011111111111111
10011110111011111101111001111011111101111111111111111111111100111111100111110111111001111111111111011111011111111111111
10011110111011111101111001111011111101111111111111111111111100111111100111110111111001111111111111011111011111111111111
10011110111011111101111001111011111101111111111111111111111100111111100111110111111001111111111111011111011111111111111
10011110111000000000000000000000000000000000000000000000000000000000000000000111111000000000000000011111000000000001111
10011110111111111111111111111111111111111111111111101111111111111111111111101111111111111111111111111111100111111111111
10011110111111111111111111111111111111111111111111101111111111111111111111101111111111111111111111111111100111111111111
10011110111111111111111111111111111111111111111111101111111111111111111111101111111111111111111111111111100111111111111
10000000111111111110000000000000000000000000000000000000000000000000000000000000000000000000000000011111000000000001111
10011110111000000000011111011110111100111011110111100111100000011110011110011111111011111111111111011111011111111111111
10011110111011111110011111011110111100111011110111100111100000011110011110011111111011111111111111011111011111111111111
10011110111011111110011111011110111100111011110111100111100000011110011110011111111011111111111111011111011111111111111
10011110111011111110011111011110111100111011110111100111101010011110011110011111111001111111111111011111011111111111111
10011110111011111110011111011110111100111011110111100111100000011110011110011111111100111111111111011111011111111111111
10011110111011111110011111011110111100111011110111100111100000011110011110011111111110011111111111011111011111111111111
10000000111000000000000000000000000000000000000000000000000000000000000000011111111111001111111111011111011111111111111
10011110111011111110111111111111111111111111111111111111100000011111111111001111111111100111111111011111011111111111111
10011110111011111110111111111111111111111111111111111111101010011111111111100111111111110011111111011111011111111111111
10011110111011111110111111111111111111111111111111111111100000011111111111110011111111111001111111011111011111111111111
10011110111011111110111111111111111111111111111111111111100000111111111111111001111111111100111111011111011111111111111
10011110111011111110111111111111111111111111111111111111111111111111111111111100111111111110011111011111011111111111111
10011110111000000000111111111111111111111111111111111111111111111111111111111110011111111111001111011111011111111111111
10000000111011111110111111111111111111111111111111111111111111111111111111111111000000000000001111011111011111111111111
10011110111011111110111111111111111111111111111111111111111111111111111111111111101111111111001111011111011111111111111
10011110111011111110111111111111111111111111111111111111111111111111111111111111101111111111001111011111011111111111111
10011110111011111110111111111111111111111111111111111111111111111111111111111111101111111111001111011111011111111111111
10011110111000000000111111111111111111111111111111111111111111111111111111111111101111111111001111011111011111111111111
10011110111011111110111111111111111111111111111111111111111111111111111111111111101111111111001111011111011111111111111
10011110111011111110111111111111111111111111111111111111111111111111111111111111101111111111001111011111011111111111111
10011110111011111110111111111111111111111111111111111111111111111111111111111111101111111111001111011111000000000000111
10000000111011111110111111111111111111111111111111111111111111111111111111100000000000000000000000011111111111111111111
10011110111011111110111111111111111111111111111111111111111111111111111111101110000000111111111111111111111111111111111
10011110111000000000001111111111111111111111111111111111111111111111111111101110000000111111111111111111111111111111111
10011110111000000111001111111111111111111111111111111111111111111111111111101110010100111111111111111111111111111111111
10011110111010010111001111111111111111111111111111111111111111111111111111101110000000111000000000000000000000001111111
10011110111000000111001111111111111111111111111111111111111111111111111111101110000000111011111110111111111111101111111
10011110111000000111000000000000000000000000000000000000000000000000000000001110000000111011111110111111111111101111111
10000000111000000111001111011111101111110011111101111110011111101111110111101110000000111011111110111111111111101111111
10011110111000000111001111011111101111110011111101111110011111101111110111101110000000111011111110111111111111101111111
10011110111000000111001111011111101111110011111101111110011111101111110111101110000000111011111110111111111111101111111
10011110111000000111001111011111101111110011111101111110011111101111110111101110000000111011111110111111111111101111111
10011110111000000000000000000000000000000000000000000000000000000000000000000000000000111000000000000000000000001111111
10011110111111111111111111111111111111111111111111111111111111111111111111111111111111111111111111111111111111111111111
10011110111111111111111111111111111111111111111111111111111111111111111111111111111111111111111111111111111111111111111
10011110111111111111111111111111111111111111111111111111111111111111111111111111111111111111111111111111111111111111111
10000000000000000000000000000000000000000000000000000000000000000000000000000000000000000000000000000000000000000111111
10011111111011111101111111011111101111111011111101111110111111101111110111111101111110111111111111111111111111111111111
10011111111011111101111111011111101111111011111101111110111111101111110111111101111110111111111111111111111111111111111
10011111111011111101111111011111101111111011111101111110111111101111110111111101111110111111111111111111111111111111111
10011111111011111101111111011111101111111011111101111110111111101111110111111101111110111111111111111111111111111111111
10000000000000000000000000000000000000000000000000000000000000000000000000000000000000000000000000000000000000111111111
11111111111111111111111111111111111111111111111111111111111111111111111111111101111111111111111111111111111111111111111
